n, p, rho_spec, rho_supp, alpha_scnr, inst, status, sol_time
5,1,0.040,0.30,1,1,solved,0.031
5,1,0.040,0.30,1,2,solved,0.062
5,1,0.040,0.30,1,3,solved,0.078
5,1,0.040,0.30,1,4,solved,0.016
5,1,0.040,0.30,1,5,solved,0.047
5,1,0.040,0.30,2,1,solved,0.016
5,1,0.040,0.30,2,2,solved,0.016
5,1,0.040,0.30,2,3,solved,0.000
5,1,0.040,0.30,2,4,solved,0.016
5,1,0.040,0.30,2,5,solved,0.016
5,1,0.040,0.30,3,1,solved,0.016
5,1,0.040,0.30,3,2,solved,0.031
5,1,0.040,0.30,3,3,solved,0.172
5,1,0.040,0.30,3,4,infeasible,0.000
5,1,0.040,0.30,3,5,infeasible,0.000
5,1,0.040,0.30,4,1,solved,0.047
5,1,0.040,0.30,4,2,solved,0.016
5,1,0.040,0.30,4,3,solved,0.172
5,1,0.040,0.30,4,4,solved,0.172
5,1,0.040,0.30,4,5,solved,0.062
5,1,0.040,0.50,1,1,solved,0.031
5,1,0.040,0.50,1,2,solved,0.078
5,1,0.040,0.50,1,3,solved,0.500
5,1,0.040,0.50,1,4,solved,0.500
5,1,0.040,0.50,1,5,solved,0.406
5,1,0.040,0.50,2,1,solved,0.391
5,1,0.040,0.50,2,2,solved,0.375
5,1,0.040,0.50,2,3,solved,0.016
5,1,0.040,0.50,2,4,solved,0.234
5,1,0.040,0.50,2,5,solved,0.031
5,1,0.040,0.50,3,1,solved,0.188
5,1,0.040,0.50,3,2,solved,0.047
5,1,0.040,0.50,3,3,solved,0.031
5,1,0.040,0.50,3,4,solved,0.031
5,1,0.040,0.50,3,5,solved,0.016
5,1,0.040,0.50,4,1,solved,0.188
5,1,0.040,0.50,4,2,solved,0.016
5,1,0.040,0.50,4,3,solved,0.062
5,1,0.040,0.50,4,4,solved,1.234
5,1,0.040,0.50,4,5,solved,0.312
5,1,0.040,0.70,1,1,solved,0.016
5,1,0.040,0.70,1,2,solved,0.031
5,1,0.040,0.70,1,3,solved,0.062
5,1,0.040,0.70,1,4,solved,0.016
5,1,0.040,0.70,1,5,solved,0.203
5,1,0.040,0.70,2,1,solved,0.203
5,1,0.040,0.70,2,2,solved,0.047
5,1,0.040,0.70,2,3,solved,0.203
5,1,0.040,0.70,2,4,solved,0.031
5,1,0.040,0.70,2,5,solved,0.125
5,1,0.040,0.70,3,1,solved,0.031
5,1,0.040,0.70,3,2,solved,0.031
5,1,0.040,0.70,3,3,solved,0.203
5,1,0.040,0.70,3,4,solved,0.078
5,1,0.040,0.70,3,5,solved,0.062
5,1,0.040,0.70,4,1,solved,0.062
5,1,0.040,0.70,4,2,solved,0.031
5,1,0.040,0.70,4,3,solved,0.047
5,1,0.040,0.70,4,4,solved,0.031
5,1,0.040,0.70,4,5,solved,0.344
5,1,0.040,0.30,1,1,solved,0.016
5,1,0.040,0.30,1,2,solved,0.047
5,1,0.040,0.30,1,3,solved,0.016
5,1,0.040,0.30,1,4,solved,0.062
5,1,0.040,0.30,1,5,solved,0.031
5,1,0.040,0.30,2,1,solved,0.016
5,1,0.040,0.30,2,2,solved,0.016
5,1,0.040,0.30,2,3,solved,0.016
5,1,0.040,0.30,2,4,solved,0.000
5,1,0.040,0.30,2,5,solved,0.016
5,1,0.040,0.30,3,1,solved,0.031
5,1,0.040,0.30,3,2,solved,0.016
5,1,0.040,0.30,3,3,solved,0.031
5,1,0.040,0.30,3,4,infeasible,0.000
5,1,0.040,0.30,3,5,infeasible,0.000
5,1,0.040,0.30,4,1,solved,0.859
5,1,0.040,0.30,4,2,solved,0.047
5,1,0.040,0.30,4,3,solved,0.500
5,1,0.040,0.30,4,4,solved,0.047
5,1,0.040,0.30,4,5,solved,0.031
5,1,0.040,0.50,1,1,solved,0.062
5,1,0.040,0.50,1,2,solved,0.031
5,1,0.040,0.50,1,3,solved,0.031
5,1,0.040,0.50,1,4,solved,0.203
5,1,0.040,0.50,1,5,solved,0.016
5,1,0.040,0.50,2,1,solved,0.031
5,1,0.040,0.50,2,2,solved,0.031
5,1,0.040,0.50,2,3,solved,0.016
5,1,0.040,0.50,2,4,solved,0.031
5,1,0.040,0.50,2,5,solved,0.203
5,1,0.040,0.50,3,1,solved,0.234
5,1,0.040,0.50,3,2,solved,0.188
5,1,0.040,0.50,3,3,solved,0.078
5,1,0.040,0.50,3,4,solved,0.078
5,1,0.040,0.50,3,5,solved,0.047
5,1,0.040,0.50,4,1,solved,0.078
5,1,0.040,0.50,4,2,solved,0.031
5,1,0.040,0.50,4,3,solved,0.031
5,1,0.040,0.50,4,4,solved,0.188
5,1,0.040,0.50,4,5,solved,0.031
5,1,0.040,0.70,1,1,solved,0.156
5,1,0.040,0.70,1,2,solved,0.062
5,1,0.040,0.70,1,3,solved,0.219
5,1,0.040,0.70,1,4,solved,0.062
5,1,0.040,0.70,1,5,solved,0.078
5,1,0.040,0.70,2,1,solved,0.031
5,1,0.040,0.70,2,2,solved,0.031
5,1,0.040,0.70,2,3,solved,0.031
5,1,0.040,0.70,2,4,solved,0.062
5,1,0.040,0.70,2,5,solved,0.125
5,1,0.040,0.70,3,1,solved,0.078
5,1,0.040,0.70,3,2,solved,0.062
5,1,0.040,0.70,3,3,solved,0.047
5,1,0.040,0.70,3,4,solved,0.062
5,1,0.040,0.70,3,5,solved,0.062
5,1,0.040,0.70,4,1,solved,0.234
5,1,0.040,0.70,4,2,solved,0.031
5,1,0.040,0.70,4,3,solved,0.078
5,1,0.040,0.70,4,4,solved,0.062
5,1,0.040,0.70,4,5,solved,0.062
5,2,0.080,0.30,1,1,solved,0.016
5,2,0.080,0.30,1,2,solved,0.031
5,2,0.080,0.30,1,3,solved,0.125
5,2,0.080,0.30,1,4,solved,0.031
5,2,0.080,0.30,1,5,solved,0.016
5,2,0.080,0.30,2,1,solved,0.016
5,2,0.080,0.30,2,2,infeasible,0.000
5,2,0.080,0.30,2,3,infeasible,0.000
5,2,0.080,0.30,2,4,solved,0.016
5,2,0.080,0.30,2,5,infeasible,0.000
5,2,0.080,0.30,3,1,infeasible,0.000
5,2,0.080,0.30,3,2,solved,0.047
5,2,0.080,0.30,3,3,infeasible,0.000
5,2,0.080,0.30,3,4,infeasible,0.000
5,2,0.080,0.30,3,5,solved,0.188
5,2,0.080,0.30,4,1,solved,0.047
5,2,0.080,0.30,4,2,infeasible,0.000
5,2,0.080,0.30,4,3,solved,0.062
5,2,0.080,0.30,4,4,solved,0.031
5,2,0.080,0.30,4,5,solved,0.031
5,2,0.080,0.50,1,1,solved,0.047
5,2,0.080,0.50,1,2,solved,0.109
5,2,0.080,0.50,1,3,solved,0.016
5,2,0.080,0.50,1,4,solved,0.062
5,2,0.080,0.50,1,5,solved,0.016
5,2,0.080,0.50,2,1,solved,0.172
5,2,0.080,0.50,2,2,solved,0.047
5,2,0.080,0.50,2,3,solved,0.016
5,2,0.080,0.50,2,4,solved,0.031
5,2,0.080,0.50,2,5,solved,0.062
5,2,0.080,0.50,3,1,solved,0.375
5,2,0.080,0.50,3,2,solved,0.062
5,2,0.080,0.50,3,3,solved,0.094
5,2,0.080,0.50,3,4,solved,0.203
5,2,0.080,0.50,3,5,solved,0.219
5,2,0.080,0.50,4,1,solved,0.203
5,2,0.080,0.50,4,2,solved,0.172
5,2,0.080,0.50,4,3,solved,0.062
5,2,0.080,0.50,4,4,solved,0.016
5,2,0.080,0.50,4,5,solved,0.031
5,2,0.080,0.70,1,1,solved,0.031
5,2,0.080,0.70,1,2,solved,0.031
5,2,0.080,0.70,1,3,solved,0.031
5,2,0.080,0.70,1,4,solved,0.422
5,2,0.080,0.70,1,5,solved,0.500
5,2,0.080,0.70,2,1,solved,0.047
5,2,0.080,0.70,2,2,solved,0.078
5,2,0.080,0.70,2,3,solved,0.203
5,2,0.080,0.70,2,4,solved,0.016
5,2,0.080,0.70,2,5,solved,0.047
5,2,0.080,0.70,3,1,solved,0.062
5,2,0.080,0.70,3,2,solved,0.203
5,2,0.080,0.70,3,3,solved,0.078
5,2,0.080,0.70,3,4,solved,0.219
5,2,0.080,0.70,3,5,solved,0.141
5,2,0.080,0.70,4,1,solved,0.125
5,2,0.080,0.70,4,2,solved,0.078
5,2,0.080,0.70,4,3,solved,0.203
5,2,0.080,0.70,4,4,solved,0.062
5,2,0.080,0.70,4,5,solved,0.031
10,2,0.020,0.30,1,1,solved,0.156
10,2,0.020,0.30,1,2,solved,0.047
10,2,0.020,0.30,1,3,solved,0.156
10,2,0.020,0.30,1,4,solved,0.250
10,2,0.020,0.30,1,5,solved,0.172
10,2,0.020,0.30,2,1,solved,0.438
10,2,0.020,0.30,2,2,solved,0.438
10,2,0.020,0.30,2,3,solved,0.797
10,2,0.020,0.30,2,4,solved,0.500
10,2,0.020,0.30,2,5,solved,0.500
10,2,0.020,0.30,3,1,solved,0.312
10,2,0.020,0.30,3,2,solved,0.219
10,2,0.020,0.30,3,3,solved,0.250
10,2,0.020,0.30,3,4,solved,0.094
10,2,0.020,0.30,3,5,solved,0.250
10,2,0.020,0.30,4,1,solved,1.125
10,2,0.020,0.30,4,2,solved,0.531
10,2,0.020,0.30,4,3,solved,0.938
10,2,0.020,0.30,4,4,solved,0.219
10,2,0.020,0.30,4,5,solved,0.594
10,2,0.020,0.50,1,1,solved,0.234
10,2,0.020,0.50,1,2,solved,0.156
10,2,0.020,0.50,1,3,solved,0.297
10,2,0.020,0.50,1,4,solved,0.062
10,2,0.020,0.50,1,5,solved,0.031
10,2,0.020,0.50,2,1,solved,0.469
10,2,0.020,0.50,2,2,solved,0.750
10,2,0.020,0.50,2,3,solved,0.688
10,2,0.020,0.50,2,4,solved,0.406
10,2,0.020,0.50,2,5,solved,1.234
10,2,0.020,0.50,3,1,solved,0.438
10,2,0.020,0.50,3,2,solved,0.109
10,2,0.020,0.50,3,3,solved,0.391
10,2,0.020,0.50,3,4,solved,0.469
10,2,0.020,0.50,3,5,solved,0.141
10,2,0.020,0.50,4,1,solved,0.500
10,2,0.020,0.50,4,2,solved,0.734
10,2,0.020,0.50,4,3,solved,0.391
10,2,0.020,0.50,4,4,solved,0.547
10,2,0.020,0.50,4,5,solved,0.719
10,2,0.020,0.70,1,1,solved,0.188
10,2,0.020,0.70,1,2,solved,0.266
10,2,0.020,0.70,1,3,solved,0.375
10,2,0.020,0.70,1,4,solved,0.234
10,2,0.020,0.70,1,5,solved,0.188
10,2,0.020,0.70,2,1,solved,0.812
10,2,0.020,0.70,2,2,solved,0.281
10,2,0.020,0.70,2,3,solved,0.281
10,2,0.020,0.70,2,4,solved,1.578
10,2,0.020,0.70,2,5,solved,0.859
10,2,0.020,0.70,3,1,solved,0.141
10,2,0.020,0.70,3,2,solved,0.266
10,2,0.020,0.70,3,3,solved,0.203
10,2,0.020,0.70,3,4,solved,0.438
10,2,0.020,0.70,3,5,solved,0.141
10,2,0.020,0.70,4,1,solved,0.781
10,2,0.020,0.70,4,2,solved,0.812
10,2,0.020,0.70,4,3,solved,0.312
10,2,0.020,0.70,4,4,solved,0.359
10,2,0.020,0.70,4,5,solved,0.578
10,3,0.030,0.30,1,1,solved,0.250
10,3,0.030,0.30,1,2,solved,0.172
10,3,0.030,0.30,1,3,solved,0.141
10,3,0.030,0.30,1,4,solved,0.141
10,3,0.030,0.30,1,5,solved,0.125
10,3,0.030,0.30,2,1,solved,2.125
10,3,0.030,0.30,2,2,solved,1.469
10,3,0.030,0.30,2,3,solved,1.625
10,3,0.030,0.30,2,4,solved,1.516
10,3,0.030,0.30,2,5,solved,1.875
10,3,0.030,0.30,3,1,solved,0.562
10,3,0.030,0.30,3,2,solved,0.234
10,3,0.030,0.30,3,3,solved,0.828
10,3,0.030,0.30,3,4,solved,0.734
10,3,0.030,0.30,3,5,solved,0.703
10,3,0.030,0.30,4,1,solved,0.438
10,3,0.030,0.30,4,2,solved,1.656
10,3,0.030,0.30,4,3,solved,0.984
10,3,0.030,0.30,4,4,solved,0.281
10,3,0.030,0.30,4,5,solved,0.500
10,3,0.030,0.50,1,1,solved,0.500
10,3,0.030,0.50,1,2,solved,0.219
10,3,0.030,0.50,1,3,solved,0.391
10,3,0.030,0.50,1,4,solved,0.281
10,3,0.030,0.50,1,5,solved,0.094
10,3,0.030,0.50,2,1,solved,2.000
10,3,0.030,0.50,2,2,solved,1.422
10,3,0.030,0.50,2,3,solved,2.000
10,3,0.030,0.50,2,4,solved,1.672
10,3,0.030,0.50,2,5,solved,1.781
10,3,0.030,0.50,3,1,solved,1.469
10,3,0.030,0.50,3,2,solved,1.281
10,3,0.030,0.50,3,3,solved,0.594
10,3,0.030,0.50,3,4,solved,0.391
10,3,0.030,0.50,3,5,solved,0.484
10,3,0.030,0.50,4,1,solved,1.172
10,3,0.030,0.50,4,2,solved,0.234
10,3,0.030,0.50,4,3,solved,0.469
10,3,0.030,0.50,4,4,solved,1.188
10,3,0.030,0.50,4,5,solved,0.375
10,3,0.030,0.70,1,1,solved,0.188
10,3,0.030,0.70,1,2,solved,0.203
10,3,0.030,0.70,1,3,solved,0.094
10,3,0.030,0.70,1,4,solved,0.125
10,3,0.030,0.70,1,5,solved,0.203
10,3,0.030,0.70,2,1,solved,2.609
10,3,0.030,0.70,2,2,solved,2.000
10,3,0.030,0.70,2,3,solved,2.547
10,3,0.030,0.70,2,4,solved,0.422
10,3,0.030,0.70,2,5,solved,1.172
10,3,0.030,0.70,3,1,solved,0.438
10,3,0.030,0.70,3,2,solved,0.812
10,3,0.030,0.70,3,3,solved,0.375
10,3,0.030,0.70,3,4,solved,0.453
10,3,0.030,0.70,3,5,solved,0.547
10,3,0.030,0.70,4,1,solved,0.750
10,3,0.030,0.70,4,2,solved,0.484
10,3,0.030,0.70,4,3,solved,0.484
10,3,0.030,0.70,4,4,solved,0.359
10,3,0.030,0.70,4,5,solved,0.625
10,5,0.050,0.30,1,1,solved,0.344
10,5,0.050,0.30,1,2,solved,0.438
10,5,0.050,0.30,1,3,solved,0.188
10,5,0.050,0.30,1,4,solved,0.734
10,5,0.050,0.30,1,5,solved,0.594
10,5,0.050,0.30,2,1,solved,4.094
10,5,0.050,0.30,2,2,solved,2.594
10,5,0.050,0.30,2,3,solved,2.750
10,5,0.050,0.30,2,4,solved,2.891
10,5,0.050,0.30,2,5,solved,2.016
10,5,0.050,0.30,3,1,solved,2.328
10,5,0.050,0.30,3,2,solved,4.016
10,5,0.050,0.30,3,3,solved,1.344
10,5,0.050,0.30,3,4,solved,1.125
10,5,0.050,0.30,3,5,solved,1.938
10,5,0.050,0.30,4,1,solved,4.062
10,5,0.050,0.30,4,2,solved,4.594
10,5,0.050,0.30,4,3,solved,0.938
10,5,0.050,0.30,4,4,solved,5.578
10,5,0.050,0.30,4,5,solved,1.609
10,5,0.050,0.50,1,1,solved,0.672
10,5,0.050,0.50,1,2,solved,0.453
10,5,0.050,0.50,1,3,solved,0.453
10,5,0.050,0.50,1,4,solved,0.438
10,5,0.050,0.50,1,5,solved,0.469
10,5,0.050,0.50,2,1,solved,4.359
10,5,0.050,0.50,2,2,solved,2.859
10,5,0.050,0.50,2,3,solved,1.578
10,5,0.050,0.50,2,4,solved,2.906
10,5,0.050,0.50,2,5,solved,3.422
10,5,0.050,0.50,3,1,solved,2.422
10,5,0.050,0.50,3,2,solved,1.219
10,5,0.050,0.50,3,3,solved,4.688
10,5,0.050,0.50,3,4,solved,1.703
10,5,0.050,0.50,3,5,solved,1.016
10,5,0.050,0.50,4,1,solved,3.469
10,5,0.050,0.50,4,2,solved,1.109
10,5,0.050,0.50,4,3,solved,2.359
10,5,0.050,0.50,4,4,solved,5.172
10,5,0.050,0.50,4,5,solved,0.828
10,5,0.050,0.70,1,1,solved,0.703
10,5,0.050,0.70,1,2,solved,0.375
10,5,0.050,0.70,1,3,solved,0.344
10,5,0.050,0.70,1,4,solved,0.328
10,5,0.050,0.70,1,5,solved,0.703
10,5,0.050,0.70,2,1,solved,3.078
10,5,0.050,0.70,2,2,solved,3.906
10,5,0.050,0.70,2,3,solved,2.406
10,5,0.050,0.70,2,4,solved,6.594
10,5,0.050,0.70,2,5,solved,5.125
10,5,0.050,0.70,3,1,solved,4.047
10,5,0.050,0.70,3,2,solved,2.500
10,5,0.050,0.70,3,3,solved,1.984
10,5,0.050,0.70,3,4,solved,3.484
10,5,0.050,0.70,3,5,solved,0.984
10,5,0.050,0.70,4,1,solved,0.500
10,5,0.050,0.70,4,2,solved,1.031
10,5,0.050,0.70,4,3,solved,1.594
10,5,0.050,0.70,4,4,solved,1.172
10,5,0.050,0.70,4,5,solved,0.703
15,3,0.013,0.30,1,1,solved,0.094
15,3,0.013,0.30,1,2,solved,0.484
15,3,0.013,0.30,1,3,solved,0.406
15,3,0.013,0.30,1,4,solved,0.469
15,3,0.013,0.30,1,5,solved,0.453
15,3,0.013,0.30,2,1,solved,3.641
15,3,0.013,0.30,2,2,solved,3.672
15,3,0.013,0.30,2,3,solved,6.094
15,3,0.013,0.30,2,4,solved,5.422
15,3,0.013,0.30,2,5,solved,8.594
15,3,0.013,0.30,3,1,solved,1.688
15,3,0.013,0.30,3,2,solved,0.422
15,3,0.013,0.30,3,3,solved,1.422
15,3,0.013,0.30,3,4,solved,1.531
15,3,0.013,0.30,3,5,solved,1.406
15,3,0.013,0.30,4,1,solved,7.359
15,3,0.013,0.30,4,2,solved,5.266
15,3,0.013,0.30,4,3,solved,4.172
15,3,0.013,0.30,4,4,solved,1.938
15,3,0.013,0.30,4,5,solved,2.453
15,3,0.013,0.50,1,1,solved,0.609
15,3,0.013,0.50,1,2,solved,1.297
15,3,0.013,0.50,1,3,solved,0.312
15,3,0.013,0.50,1,4,solved,0.359
15,3,0.013,0.50,1,5,solved,0.453
15,3,0.013,0.50,2,1,solved,6.719
15,3,0.013,0.50,2,2,solved,2.453
15,3,0.013,0.50,2,3,solved,19.438
15,3,0.013,0.50,2,4,solved,7.828
15,3,0.013,0.50,2,5,solved,6.500
15,3,0.013,0.50,3,1,solved,1.016
15,3,0.013,0.50,3,2,solved,2.844
15,3,0.013,0.50,3,3,solved,4.781
15,3,0.013,0.50,3,4,solved,1.906
15,3,0.013,0.50,3,5,solved,0.953
15,3,0.013,0.50,4,1,solved,1.328
15,3,0.013,0.50,4,2,solved,1.625
15,3,0.013,0.50,4,3,solved,0.906
15,3,0.013,0.50,4,4,solved,4.188
15,3,0.013,0.50,4,5,solved,2.344
15,3,0.013,0.70,1,1,solved,0.844
15,3,0.013,0.70,1,2,solved,0.578
15,3,0.013,0.70,1,3,solved,0.656
15,3,0.013,0.70,1,4,solved,0.844
15,3,0.013,0.70,1,5,solved,0.672
15,3,0.013,0.70,2,1,solved,21.016
15,3,0.013,0.70,2,2,solved,8.109
15,3,0.013,0.70,2,3,solved,5.797
15,3,0.013,0.70,2,4,solved,4.188
15,3,0.013,0.70,2,5,solved,1.188
15,3,0.013,0.70,3,1,solved,3.234
15,3,0.013,0.70,3,2,solved,0.406
15,3,0.013,0.70,3,3,solved,0.969
15,3,0.013,0.70,3,4,solved,0.594
15,3,0.013,0.70,3,5,solved,5.438
15,3,0.013,0.70,4,1,solved,1.438
15,3,0.013,0.70,4,2,solved,2.594
15,3,0.013,0.70,4,3,solved,3.031
15,3,0.013,0.70,4,4,solved,3.578
15,3,0.013,0.70,4,5,solved,1.266
15,6,0.027,0.30,1,1,solved,5.734
15,6,0.027,0.30,1,2,solved,1.609
15,6,0.027,0.30,1,3,solved,2.609
15,6,0.027,0.30,1,4,solved,3.438
15,6,0.027,0.30,1,5,solved,2.562
15,6,0.027,0.30,2,1,solved,30.703
15,6,0.027,0.30,2,2,solved,30.734
15,6,0.027,0.30,2,3,solved,91.047
15,6,0.027,0.30,2,4,solved,74.062
15,6,0.027,0.30,2,5,solved,31.031
15,6,0.027,0.30,3,1,solved,13.016
15,6,0.027,0.30,3,2,solved,4.609
15,6,0.027,0.30,3,3,solved,11.797
15,6,0.027,0.30,3,4,solved,15.109
15,6,0.027,0.30,3,5,solved,7.109
15,6,0.027,0.30,4,1,solved,14.703
15,6,0.027,0.30,4,2,solved,62.672
15,6,0.027,0.30,4,3,solved,38.812
15,6,0.027,0.30,4,4,solved,88.047
15,6,0.027,0.30,4,5,solved,36.688
15,6,0.027,0.50,1,1,solved,0.719
15,6,0.027,0.50,1,2,solved,1.422
15,6,0.027,0.50,1,3,solved,2.688
15,6,0.027,0.50,1,4,solved,3.812
15,6,0.027,0.50,1,5,solved,1.766
15,6,0.027,0.50,2,1,solved,94.812
15,6,0.027,0.50,2,2,solved,82.875
15,6,0.027,0.50,2,3,solved,29.453
15,6,0.027,0.50,2,4,solved,79.125
15,6,0.027,0.50,2,5,solved,104.922
15,6,0.027,0.50,3,1,solved,13.688
15,6,0.027,0.50,3,2,solved,14.703
15,6,0.027,0.50,3,3,solved,10.656
15,6,0.027,0.50,3,4,solved,22.188
15,6,0.027,0.50,3,5,solved,13.391
15,6,0.027,0.50,4,1,solved,45.000
15,6,0.027,0.50,4,2,solved,25.406
15,6,0.027,0.50,4,3,solved,18.750
15,6,0.027,0.50,4,4,solved,11.344
15,6,0.027,0.50,4,5,solved,25.297
15,6,0.027,0.70,1,1,solved,1.094
15,6,0.027,0.70,1,2,solved,2.500
15,6,0.027,0.70,1,3,solved,1.891
15,6,0.027,0.70,1,4,solved,3.875
15,6,0.027,0.70,1,5,solved,3.500
15,6,0.027,0.70,2,1,solved,28.109
15,6,0.027,0.70,2,2,solved,59.250
15,6,0.027,0.70,2,3,solved,56.578
15,6,0.027,0.70,2,4,solved,133.094
15,6,0.027,0.70,2,5,solved,18.719
15,6,0.027,0.70,3,1,solved,14.703
15,6,0.027,0.70,3,2,solved,12.359
15,6,0.027,0.70,3,3,solved,9.766
15,6,0.027,0.70,3,4,solved,28.688
15,6,0.027,0.70,3,5,solved,11.922
15,6,0.027,0.70,4,1,solved,20.078
15,6,0.027,0.70,4,2,solved,22.719
15,6,0.027,0.70,4,3,solved,27.609
15,6,0.027,0.70,4,4,solved,19.984
15,6,0.027,0.70,4,5,solved,6.516
15,12,0.053,0.30,1,1,solved,25.750
15,12,0.053,0.30,1,2,solved,28.266
15,12,0.053,0.30,1,3,solved,46.422
15,12,0.053,0.30,1,4,solved,9.766
15,12,0.053,0.30,1,5,solved,26.797
15,12,0.053,0.30,2,1,solved,56.094
15,12,0.053,0.30,2,2,solved,296.078
15,12,0.053,0.30,2,3,solved,329.844
15,12,0.053,0.30,2,4,solved,423.328
15,12,0.053,0.30,2,5,solved,550.203
15,12,0.053,0.30,3,1,solved,157.656
15,12,0.053,0.30,3,2,solved,48.719
15,12,0.053,0.30,3,3,solved,197.531
15,12,0.053,0.30,3,4,solved,107.609
15,12,0.053,0.30,3,5,solved,210.641
15,12,0.053,0.30,4,1,solved,149.719
15,12,0.053,0.30,4,2,solved,165.797
15,12,0.053,0.30,4,3,solved,302.438
15,12,0.053,0.30,4,4,solved,182.125
15,12,0.053,0.30,4,5,solved,303.891
15,12,0.053,0.50,1,1,solved,4.391
15,12,0.053,0.50,1,2,solved,6.047
15,12,0.053,0.50,1,3,solved,3.656
15,12,0.053,0.50,1,4,solved,9.156
15,12,0.053,0.50,1,5,solved,3.438
15,12,0.053,0.50,2,1,solved,160.938
15,12,0.053,0.50,2,2,solved,304.344
15,12,0.053,0.50,2,3,solved,78.562
15,12,0.053,0.50,2,4,solved,48.734
15,12,0.053,0.50,2,5,solved,175.266
15,12,0.053,0.50,3,1,solved,19.719
15,12,0.053,0.50,3,2,solved,74.906
15,12,0.053,0.50,3,3,solved,47.328
15,12,0.053,0.50,3,4,solved,23.172
15,12,0.053,0.50,3,5,solved,37.516
15,12,0.053,0.50,4,1,solved,95.141
15,12,0.053,0.50,4,2,solved,60.625
15,12,0.053,0.50,4,3,solved,145.156
15,12,0.053,0.50,4,4,solved,121.531
15,12,0.053,0.50,4,5,solved,50.438
15,12,0.053,0.70,1,1,solved,4.766
15,12,0.053,0.70,1,2,solved,6.062
15,12,0.053,0.70,1,3,solved,3.172
15,12,0.053,0.70,1,4,solved,9.578
15,12,0.053,0.70,1,5,solved,9.359
15,12,0.053,0.70,2,1,solved,121.406
15,12,0.053,0.70,2,2,solved,26.766
15,12,0.053,0.70,2,3,solved,143.953
15,12,0.053,0.70,2,4,solved,143.234
15,12,0.053,0.70,2,5,solved,27.578
15,12,0.053,0.70,3,1,solved,85.078
15,12,0.053,0.70,3,2,solved,72.547
15,12,0.053,0.70,3,3,solved,99.906
15,12,0.053,0.70,3,4,solved,28.750
15,12,0.053,0.70,3,5,solved,22.438
15,12,0.053,0.70,4,1,solved,47.172
15,12,0.053,0.70,4,2,solved,29.844
15,12,0.053,0.70,4,3,solved,101.891
15,12,0.053,0.70,4,4,solved,128.438
15,12,0.053,0.70,4,5,solved,39.906
20,5,0.013,0.30,1,1,solved,3.812
20,5,0.013,0.30,1,2,solved,7.688
20,5,0.013,0.30,1,3,solved,5.375
20,5,0.013,0.30,1,4,solved,7.312
20,5,0.013,0.30,1,5,solved,4.969
20,5,0.013,0.30,2,1,solved,119.828
20,5,0.013,0.30,2,2,solved,62.766
20,5,0.013,0.30,2,3,solved,339.547
20,5,0.013,0.30,2,4,solved,298.297
20,5,0.013,0.30,2,5,solved,252.531
20,5,0.013,0.30,3,1,solved,5.219
20,5,0.013,0.30,3,2,solved,4.094
20,5,0.013,0.30,3,3,solved,44.203
20,5,0.013,0.30,3,4,solved,7.984
20,5,0.013,0.30,3,5,solved,21.047
20,5,0.013,0.30,4,1,solved,74.047
20,5,0.013,0.30,4,2,solved,315.469
20,5,0.013,0.30,4,3,solved,126.688
20,5,0.013,0.30,4,4,solved,145.297
20,5,0.013,0.30,4,5,solved,36.141
20,5,0.013,0.50,1,1,solved,2.156
20,5,0.013,0.50,1,2,solved,7.141
20,5,0.013,0.50,1,3,solved,5.672
20,5,0.013,0.50,1,4,solved,6.469
20,5,0.013,0.50,1,5,solved,1.656
20,5,0.013,0.50,2,1,solved,313.344
20,5,0.013,0.50,2,2,solved,75.172
20,5,0.013,0.50,2,3,solved,120.344
20,5,0.013,0.50,2,4,solved,260.578
20,5,0.013,0.50,2,5,solved,254.297
20,5,0.013,0.50,3,1,solved,6.859
20,5,0.013,0.50,3,2,solved,27.719
20,5,0.013,0.50,3,3,solved,30.516
20,5,0.013,0.50,3,4,solved,35.875
20,5,0.013,0.50,3,5,solved,60.938
20,5,0.013,0.50,4,1,solved,91.266
20,5,0.013,0.50,4,2,solved,47.312
20,5,0.013,0.50,4,3,solved,38.906
20,5,0.013,0.50,4,4,solved,4.188
20,5,0.013,0.50,4,5,solved,50.625
20,5,0.013,0.70,1,1,solved,1.844
20,5,0.013,0.70,1,2,solved,6.609
20,5,0.013,0.70,1,3,solved,13.516
20,5,0.013,0.70,1,4,solved,2.891
20,5,0.013,0.70,1,5,solved,2.156
20,5,0.013,0.70,2,1,solved,287.766
20,5,0.013,0.70,2,2,solved,388.625
20,5,0.013,0.70,2,3,solved,111.500
20,5,0.013,0.70,2,4,solved,65.094
20,5,0.013,0.70,2,5,solved,96.703
20,5,0.013,0.70,3,1,solved,90.750
20,5,0.013,0.70,3,2,solved,105.953
20,5,0.013,0.70,3,3,solved,19.703
20,5,0.013,0.70,3,4,solved,36.578
20,5,0.013,0.70,3,5,solved,4.141
20,5,0.013,0.70,4,1,solved,8.016
20,5,0.013,0.70,4,2,solved,34.609
20,5,0.013,0.70,4,3,solved,282.422
20,5,0.013,0.70,4,4,solved,79.047
20,5,0.013,0.70,4,5,solved,59.250
20,10,0.025,0.30,1,1,solved,53.875
20,10,0.025,0.30,1,2,solved,94.188
20,10,0.025,0.30,1,3,solved,10.062
20,10,0.025,0.30,1,4,solved,77.078
20,10,0.025,0.30,1,5,solved,80.359
20,10,0.025,0.30,2,1,solved,2309.469
20,10,0.025,0.30,2,2,solved,2727.562
20,10,0.025,0.30,2,3,solved,4606.641
20,10,0.025,0.30,2,4,solved,2506.266
20,10,0.025,0.30,2,5,solved,1526.547
20,10,0.025,0.30,3,1,solved,504.969
20,10,0.025,0.30,3,2,solved,773.969
20,10,0.025,0.30,3,3,solved,552.031
20,10,0.025,0.30,3,4,solved,359.312
20,10,0.025,0.30,3,5,solved,645.375
20,10,0.025,0.30,4,1,solved,750.766
20,10,0.025,0.30,4,2,solved,537.719
20,10,0.025,0.30,4,3,solved,1465.438
20,10,0.025,0.30,4,4,solved,175.875
20,10,0.025,0.30,4,5,solved,132.453
20,10,0.025,0.50,1,1,solved,20.719
20,10,0.025,0.50,1,2,solved,12.609
20,10,0.025,0.50,1,3,solved,72.562
20,10,0.025,0.50,1,4,solved,12.672
20,10,0.025,0.50,1,5,solved,14.781
20,10,0.025,0.50,2,1,solved,3181.062
20,10,0.025,0.50,2,2,solved,567.188
20,10,0.025,0.50,2,3,solved,878.766
20,10,0.025,0.50,2,4,solved,413.797
20,10,0.025,0.50,2,5,solved,623.844
20,10,0.025,0.50,3,1,solved,336.375
20,10,0.025,0.50,3,2,solved,247.109
20,10,0.025,0.50,3,3,solved,92.141
20,10,0.025,0.50,3,4,solved,129.219
20,10,0.025,0.50,3,5,solved,302.781
20,10,0.025,0.50,4,1,solved,486.281
20,10,0.025,0.50,4,2,solved,601.000
20,10,0.025,0.50,4,3,solved,633.656
20,10,0.025,0.50,4,4,solved,768.297
20,10,0.025,0.50,4,5,solved,480.953
20,10,0.025,0.70,1,1,solved,22.828
20,10,0.025,0.70,1,2,solved,7.297
20,10,0.025,0.70,1,3,solved,53.281
20,10,0.025,0.70,1,4,solved,11.812
20,10,0.025,0.70,1,5,solved,15.844
20,10,0.025,0.70,2,1,solved,785.219
20,10,0.025,0.70,2,2,solved,379.250
20,10,0.025,0.70,2,3,solved,775.172
20,10,0.025,0.70,2,4,solved,342.172
20,10,0.025,0.70,2,5,solved,151.969
20,10,0.025,0.70,3,1,solved,220.156
20,10,0.025,0.70,3,2,solved,235.766
20,10,0.025,0.70,3,3,solved,212.188
20,10,0.025,0.70,3,4,solved,228.891
20,10,0.025,0.70,3,5,solved,330.078
20,10,0.025,0.70,4,1,solved,506.734
20,10,0.025,0.70,4,2,solved,442.422
20,10,0.025,0.70,4,3,solved,234.922
20,10,0.025,0.70,4,4,solved,524.109
20,10,0.025,0.70,4,5,solved,164.922
20,20,0.050,0.30,1,1,solved,1197.312
20,20,0.050,0.30,1,2,solved,1529.000
20,20,0.050,0.30,1,3,solved,822.500
20,20,0.050,0.30,1,4,solved,1986.656
20,20,0.050,0.30,1,5,solved,922.109
20,20,0.050,0.30,2,1,solved,9285.297
20,20,0.050,0.30,2,2,solved,6093.906
20,20,0.050,0.30,2,3,solved,19715.594
20,20,0.050,0.30,2,4,solved,6073.609
20,20,0.050,0.30,2,5,solved,26600.328
20,20,0.050,0.30,3,1,solved,4179.719
20,20,0.050,0.30,3,2,solved,2170.188
20,20,0.050,0.30,3,3,solved,4485.328
20,20,0.050,0.30,3,4,solved,5029.266
20,20,0.050,0.30,3,5,solved,6747.844
20,20,0.050,0.30,4,1,solved,13146.172
20,20,0.050,0.30,4,2,solved,9078.281
20,20,0.050,0.30,4,3,solved,1964.609
20,20,0.050,0.30,4,4,solved,7253.719
20,20,0.050,0.30,4,5,solved,2702.406
20,20,0.050,0.50,1,1,solved,73.875
20,20,0.050,0.50,1,2,solved,263.016
20,20,0.050,0.50,1,3,solved,80.016
20,20,0.050,0.50,1,4,solved,235.203
20,20,0.050,0.50,1,5,solved,311.297
20,20,0.050,0.50,2,1,solved,5255.875
20,20,0.050,0.50,2,2,solved,1590.719
20,20,0.050,0.50,2,3,solved,9604.969
20,20,0.050,0.50,2,4,solved,5206.094
20,20,0.050,0.50,2,5,solved,6813.578
20,20,0.050,0.50,3,1,solved,1419.172
20,20,0.050,0.50,3,2,solved,350.297
20,20,0.050,0.50,3,3,solved,2072.266
20,20,0.050,0.50,3,4,solved,969.109
20,20,0.050,0.50,3,5,solved,750.172
20,20,0.050,0.50,4,1,solved,945.844
20,20,0.050,0.50,4,2,solved,1294.531
20,20,0.050,0.50,4,3,solved,469.297
20,20,0.050,0.50,4,4,solved,5212.828
20,20,0.050,0.50,4,5,solved,1540.875
20,20,0.050,0.70,1,1,solved,33.203
20,20,0.050,0.70,1,2,solved,212.891
20,20,0.050,0.70,1,3,solved,76.906
20,20,0.050,0.70,1,4,solved,101.531
20,20,0.050,0.70,1,5,solved,226.078
20,20,0.050,0.70,2,1,solved,1464.719
20,20,0.050,0.70,2,2,solved,3565.609
20,20,0.050,0.70,2,3,solved,1045.766
20,20,0.050,0.70,2,4,solved,1970.422
20,20,0.050,0.70,2,5,solved,3833.891
20,20,0.050,0.70,3,1,solved,252.391
20,20,0.050,0.70,3,2,solved,485.562
20,20,0.050,0.70,3,3,solved,293.891
20,20,0.050,0.70,3,4,solved,395.297
20,20,0.050,0.70,3,5,solved,269.094
20,20,0.050,0.70,4,1,solved,1061.562
20,20,0.050,0.70,4,2,solved,421.469
20,20,0.050,0.70,4,3,solved,497.688
20,20,0.050,0.70,4,4,solved,1014.406
20,20,0.050,0.70,4,5,solved,987.031
